3.046977515563424332e-01
6.792918009097025367e-01
4.867554362438612087e-02
9.729908801121949224e-01
2.205984014727611559e-09
1.973060610790188830e-03
8.458085936725008580e-02
1.537559575021343550e+00
1.722515611741141095e+00
1.712372913515774364e+00
2.060713087853629943e+00
2.147641686894747437e+00
1.245986337977074074e-02
1.193268465967260196e-02
-2.377231541033262782e-04
4.565420626466806103e-03
4.635450732138784447e-01
-9.962164128038177857e-01
-3.207122327065129071e-03
-3.096608752993055755e-02
5.218835545315984002e-03
-2.721939219117616021e-02
9.027582606290940337e-03
-5.142041459252439869e-03
7.445888404035656827e-03
-1.462258476603959557e-03
-4.211151205725960790e-04
1.000292675965837486e+00
