2.757482592689056711e-01
7.558797876977410013e-01
5.341423996672061553e-02
9.948122563415691122e-01
2.814396735823902655e-09
5.545782073195763655e-03
1.449838045201373493e+00
1.639684064539983499e+00
1.627631667190325926e+00
1.952001543701708197e+00
2.012237492688051077e+00
1.117935849572364651e-02
1.376849017650147791e-02
8.431400647427079315e-03
1.082184664165737782e-02
4.761562875021971841e-01
-4.206938975576775541e-01
-3.379932298671980799e-03
-2.983577666058087607e-02
7.195074011577831663e-03
-2.413566257547443070e-02
9.725019439614670733e-03
-4.135343812358590644e-03
8.011701294160226972e-03
7.984405876991177841e-05
2.248184346608449972e-04
